360617
340328
650420
398154
507012
437313
401328
401328
482146
528637
613284
413622
647923
720940
551051
502689
555207
608438
690959
2540906
512487
976062
296306
642387
628062
654089
743492
634876
1150896
1150896
623975
956505
2030640
2030640
555396
1627510
1627510
585352
793049
598581
777442
642705
742954
501169
2002321
2002321
664305
1711591
1711591
645592
675184
610801
761110
1497135
1497135
649488
716726
1736197
1736197
1024223
755475
752303
738280
846111
610668
1742669
1742669
1713529
1713529
873206
2497690
2497690
1290926
1290926
1824743
1824743
3726157
916850
385374
758113
1738227
1738227
859037
1030633
219212
248314
815246
370028
153303
201781
251864
508854
379001
419806
580558
891152
1717104
1717104
862771
1582951
1582951
791980
955259
897042
3453549
1913737
1913737
4009118
966749
810165
8026350
8026350
990701
903875
1254230
3036000
3036000
3875463
3875463
3875463
3875463
724854
877175
976954
2068789
2068789
4268678
1909603
1909603
1850159
1850159
2136270
2136270
3927154
3927154
3927154
3927154
1825448
1825448
934326
903445
1289430
2190680
2190680
1841134
1841134
728546
907573
3148046
834916
896946
1726661
1726661
856123
830289
4337062
1003828
710426
758364
792634
1826025
1826025
901535
752078
1041935
820036
3435756
749099
914300
786904
920903
866056
828231
1988411
1988411
1878530
1075370
2416030
2416030
3420360
3420360
4151650
4151650
4151650
2888560
2888560
2888560
2243164
2243164
2346203
2346203
1162733
996114
3565317
3565317
3565317
1010175
2054128
2054128
2048023
2048023
1132095
1247605
1082042
1342699
3969059
1246491
1155170
2489205
2489205
961422
935631
1105253
4589266
2239370
2239370
1139360
1076069
7863310
7863310
3175430
2379870
2379870
3974410
4718518
4670011
8822335
8822335
9464063
9464063
1075576
2093172
2093172
983882
868955
4149148
948541
4734463
4734463
4734463
4734463
1138103
1084760
1584049
1661578
2320937
2320937
1109253
1088612
997216
3336545
3336545
3336545
3100290
3100290
3100290
4096060
3895810
2364080
4547250
5829240
5829240
5829240
755006
1864934
1837147
1481473
1511662
2524080
998608
10586828
10586828
1458197
4119670
5999690
1863281
1732041
5836926
1627798
1653762
11987816
11987816
2054690
2054690
800829
1119300
1478760
1975510
1975510
1325480