7463  
7822  
13764  
8751  
11072  
9436  
6789  
6789  
10798  
12061  
13226  
8970  
13052  
13648  
8311  
10174  
17619  
14641  
33910  
11369  
13597  
7507  
14269  
13794  
13978  
15524  
13373  
26265  
13563  
11334  
27030  
7180  
23493  
9066  
13861  
11101  
13453  
11928  
14022  
8423  
30360  
11858  
29125  
11208  
11795  
13781  
25991  
11706  
12744  
27518  
17966  
13429  
13895  
13264  
14914  
10641  
26065  
25831  
13376  
30458  
23493  
27290  
56868  
35000  
8964  
4725  
6953  
15955  
12667  
12573  
4622  
4799  
8650  
6082  
3421  
3598  
3962  
9339  
8058  
8681  
10488  
15265  
26992  
13149  
24077  
12262  
14817  
13748  
47992  
28977  
52009  
14487  
110800  
14789  
13754  
13439  
30144  
51487  
11012  
13329  
14873  
29303  
26112  
27965  
25336  
54900  
24827  
12432  
13610  
19904  
26030  
28178  
11510  
12546  
48562  
12908  
13720  
26244  
13566  
12943  
55451  
14848  
10419  
11592  
10834  
27029  
13851  
11999  
16237  
12604  
42095  
11785  
13695  
12153  
14272  
13567  
12807  
26652  
15142  
8589  
19870  
27900  
33793  
32585  
27877  
28582  
14686  
12490  
38065  
12808  
25617  
25471  
14080  
15336  
17003  
48265  
15135  
14267  
27619  
12467  
11916  
13974  
53020  
26705  
14007  
13489  
87627  
33061  
25663  
41142  
56047  
52399  
101277  
110712  
13368  
26412  
12231  
50809  
10872  
55829  
12795  
13952  
20348  
21073  
28920  
13650  
13941  
12689  
41292  
30799  
40930  
21827  
47257  
74740  
10350  
12793  
20046  
8130  
9775  
16344  
7525  
100320  
12459  
50227  
50703  
16242  
15503  
54801  
15024  
13886  
101052  
29020  
11166  
11021  
14773  
25188  
13480  
14770  
110105  
85014  
110109  
116849  
41463  
26534  
55711  
102139  
26520  
70563  
44710  
14131  
27126  
40122  
45126  
14010  
29936  
27857  
28917  
29688  
99283  
13969  
29622  
21067  
62630  
17084  
15079  
56046  
14044  
56987  
17726  
37758  
75980  
46881  
20090  
98136  
59157  
107550  
118084  
56021  
57140  
105208  
77258  
133034  
143427  
52138  
62897  
95672  
107378  
51323  
165654  
174764  
100310  
56445  
116746  
55909  
47818  
56112  
49464  
98774  
58611  
55729  
47831  
53172  
53800  
105002  
50891  
63027  
72805  
43907  
11109
11109